name: py37
channels:
  - conda-forge
  - defaults
dependencies:
  - bzip2=1.0.6=1
  - cairo=1.14.12=h276e583_5
  - ffmpeg=4.0.2=ha0c5888_1
  - fontconfig=2.13.1=hce039c3_0
  - gettext=0.19.8.1=h1f1d5ed_1
  - glib=2.56.2=h464dc38_0
  - gmp=6.1.2=hfc679d8_0
  - gnutls=3.5.19=h2a4e5f8_1
  - graphite2=1.3.12=h7d4d677_1
  - harfbuzz=1.9.0=h04dbb29_1
  - hdf5=1.10.2=hc401514_2
  - icu=58.2=hfc679d8_0
  - jpeg=9c=h470a237_1
  - libiconv=1.15=h470a237_3
  - libtiff=4.0.9=he6b73bb_2
  - libxml2=2.9.8=h422b904_5
  - nettle=3.3=0
  - openh264=1.7.0=0
  - pcre=8.41=hfc679d8_3
  - pixman=0.34.0=h470a237_3
  - x264=1!152.20180717=h470a237_1
  - appnope=0.1.0=py37_0
  - backcall=0.1.0=py37_0
  - blas=1.0=mkl
  - ca-certificates=2018.03.07=0
  - certifi=2018.10.15=py37_0
  - click=7.0=py37_0
  - cycler=0.10.0=py37_0
  - decorator=4.3.0=py37_0
  - freetype=2.9.1=hb4e5f40_0
  - intel-openmp=2018.0.3=0
  - ipykernel=4.8.2=py37_0
  - ipython=6.5.0=py37_0
  - ipython_genutils=0.2.0=py37_0
  - jasper=2.0.14=h636a363_1
  - jedi=0.12.1=py37_0
  - jupyter_client=5.2.3=py37_0
  - jupyter_core=4.4.0=py37_0
  - kiwisolver=1.0.1=py37h0a44026_0
  - libcxx=4.0.1=h579ed51_0
  - libcxxabi=4.0.1=hebd6815_0
  - libedit=3.1.20170329=hb402a30_2
  - libffi=3.2.1=h475c297_4
  - libgfortran=3.0.1=h93005f0_2
  - libopencv=3.4.2=h7c891bd_1
  - libpng=1.6.34=he12f830_0
  - libsodium=1.0.16=h3efe00b_0
  - matplotlib=3.0.0=py37h54f8f79_0
  - mkl=2018.0.3=1
  - mkl_fft=1.0.4=py37h5d10147_1
  - mkl_random=1.0.1=py37h5d10147_1
  - ncurses=6.1=h0a44026_0
  - numpy=1.15.1=py37h6a91979_0
  - numpy-base=1.15.1=py37h8a80b8c_0
  - opencv=3.4.2=py37h6fd60c2_1
  - openssl=1.0.2p=h1de35cc_0
  - pandas=0.23.4=py37h6440ff4_0
  - parso=0.3.1=py37_0
  - pexpect=4.6.0=py37_0
  - pickleshare=0.7.4=py37_0
  - pip=10.0.1=py37_0
  - prompt_toolkit=1.0.15=py37_0
  - ptyprocess=0.6.0=py37_0
  - py-opencv=3.4.2=py37h7c891bd_1
  - pygments=2.2.0=py37_0
  - pyparsing=2.2.2=py37_0
  - python=3.7.0=hc167b69_0
  - python-dateutil=2.7.3=py37_0
  - pytz=2018.5=py37_0
  - pyzmq=17.1.2=py37h1de35cc_0
  - readline=7.0=h1de35cc_5
  - scikit-learn=0.19.1=py37hf9f1f73_0
  - scipy=1.1.0=py37h28f7352_1
  - setuptools=40.2.0=py37_0
  - simplegeneric=0.8.1=py37_2
  - six=1.11.0=py37_1
  - sqlite=3.24.0=ha441bb4_0
  - tk=8.6.8=ha441bb4_0
  - tornado=5.1=py37h1de35cc_0
  - traitlets=4.3.2=py37_0
  - wcwidth=0.1.7=py37_0
  - wheel=0.31.1=py37_0
  - xz=5.2.4=h1de35cc_4
  - zeromq=4.2.5=h0a44026_1
  - zlib=1.2.11=hf3cbc9b_2
prefix: /anaconda2/envs/py37

